00000000000000000000000000000000000000000000000000000000000000000000000000000000000000000000000000000000000000
00000000000000000000000000000000000000000000000000000000000000000000000000000000000000000000000000000000000000
00000000000000000000000000000000000000000000000000000000000000000000000000000000000000000000000000000000000000
00000000000000000000000000000000000000000000000000000000000000000000000000000000000000000000000000000000000000
00000000000000000000000000000000000000000000000000000000000000000000000000000000000000000000000000000000000000
00000000000000000000000000000000000000000000000000000000000000000000000000000000000000000000000000000000000000
00000000000000000000000000000000000000000000000000000000000000000000000000000000000000000000000000000000000000
00000000000000000000000000000000000000000000000000000000000000000000000000000000000000000000000000000000000000
00000000000000000000000000000000000000000000000000000000000000000000000000000000000000000000000000000000000000
00000000000000000000000000000000000000000000000000000000000000000000000000000000000000000000000000000000000000
00000000000000000000000000000000000000000000000000000000000000000000000000000000000000000000000000000000000000
00000000000000000000000000000000000000000000000000000000000000000000000000000000000000000000000000000000000000
00000000000000000000000000000000000000000000000000000000000000000000000000000000000000000000000000000000000000
00000000000000000000000000000000000000000000000000000000000000000000000000000000000000000000000000000000000000
00000000000000000000000000000000000000000000000000000000000000000000000000000000000000000000000000000000000000
00020000000000000000000000000000000000000000000000000000000000000000000000000000000000000000000000000000000000
60000000000000000000000000000000000000000000000000000000000000000000000000000000000000000000000000000000000000
66000000000000000000000000000000000000000000000000000000000000000000000000000000000000000000000000000000000000
66600000000000000000000000000000000000000000000000000000000000000000000000000000000000000000000000000000000000
66660000000000000000000000000000000000000000000000000000000000000000000000000000000000000000000000000000000000
66666000000000000000000000000000000000000000000000000000000000000000000000000000000000000000000000000000000000
66666600000000000000000000000000000000000000000000000000000000000000000000000000000000000000000000000000000000
66666660000000000000000000000000000000000000000000000000000000000000000000000000000000000000000000000000000000
66666666000000000000000000000000000000000000000000000000000000000000000000000000000000000000000000000000000000
66666666610000000000000000000000000000000000000000000000000000000000000000000000000000000000000000000000000000
11111111111100000000000000000000000000000000000000000000000000000000000000000000000000000000000000000000000000
11111111111111000000000000000000000000000000000000000000000000000000000000000000000000000000000000000000000000
66666666666666660000000000000000000000000000000000000000000000000000000000000000000000000000000011111111111111
11111111111166666600000000000000000000000000000000000000000000000000000000000000000000000000011111111111111111
11111111111111111666666666666666666660000000000000000000000000000000000000006666666666666661111111111111111111
11111111111111166666666666666666666666666666666666666666666666666666666666666666111111111111111111111111111111
11111111111111111111111166666666666666666666666666666666666666666666666666666666666666666666111111111111111111
11111111111111111111111111111111111111111166666666666666666666666666661111111111111111111111111111111111111111
11111111111111111111111166666666666666666666666666666666666666666666661111111111111111111111111111111111111111
11111111111111111111111111666666666666666666666666666666666663666666661111111111111111111111111111111111111111
11111111111111111111111116666666666666666666666666666666666666666666661111111111111111111111111111111111111111
11111111111111111111111111666666666666666666666666666666666666666666661111111111111111111111111111111111111111