000000000000000000000000000000000000000000000000000000000000000000000000000000000000000000000000000
000000000000000000000000000000000000000000000000000000000000000000000000000000000000000000000000000
000000000000000000000000000000000000000000000000000000000000000000000000000000000000000000000000000
000000000000000000000000000000000000000000000022222222000000000000000000000000000000000000000000000
000000000000000000000000000003000000000000000000000000000000000000000000000000000000000000000000000
000000000000000000000000000000000000000000000000000000000000000000000000000000000000000000000000000
000000000000000000000000000000000000000000000000000000000000000000222222222222000000000000000000000
000000000000000000000000000000000000000000000000000000000000000000000000000000000000000000000000000
000000000000000000000000000000000022222222222200000000000000000000000000000000000000000000000000000
000000000000000002222222222222222222222222222222222111111111111000000000000000000000000000000000000
222222222222222221111111111111111111111111111100000000000000000000000000000000000000000000000000000
111111111111111111111111111111111111111111111100000000000000000000000000000000000000002222222222222
111111111111111111111111111111111111111111111100000000000000000000000000000000000000000000000000000
111111111111111111111111111111111111111111111100000000000000000000000000000000000000000000000000000
111111111111111111111111111111111111111111111100000000000000000000000222222220000000000000000000000
111111111111111111111111111111111111111111111100000000000000000000000000000000000000000000000000000