0000000000000000000000000000000000000000000000
0000000000000000000000000000000000000000000000
0000000000000000000000000000000000000000000000
0000000000000000000000000000000000000000000000
0000000000000000000000000000000000000000000000
0000000000000000000000000000000000000000000000
0000000000000000000000000000000000000000000000
0000000000000000000000000000000000000000000000
0000000000000000000000000000000000000000400000
0000000000000000000000000000000000000000000000
0000000000000000000000000000000000000000000000
0300000000000000000000000000000000000000000000
0000000000000000000000000000000002222222222222 
222222111111222222111111111111111111222
1111111111111111111111111111111111111111111111
1111111111111111111111111000001111111111111111
1111111111111111111111111111111111111111111111
1111111111111111111111111111111111111111111111
1111111111111111111111111111111111111111111111
1111111111111111111111111111111111111111111111#compete garbage