0000000000000000000000000000000000000000000000
0000000000000000000000000000000000000000000000
0000000000000000000000000000000000000000000000
0000000000000000000000000000000000000000000000
0000000000000000000000000000000000000000000000
0000000000000000000000000000000000000000000000
0000000000000000000000000000000000000000000000
0000000000000000000000000000000000000000000000
0000000000000000000000000000000000000000000000
0000000000000000000000000000000000000400000000
0000000000000000000000000000000000000000000000
0300000000000000000000000000000000000000000000
0000000000000000000000000000000002222222222222 
2222221111112222221111111111111111112222222222
1111111111111111111111111111111111111111111111
1111111111111111111111111000001111111111111111
1111111111111111111111111111111111111111111111
1111111111111111111111111111111111111111111111
1111111111111111111111111111111111111111111111
1111111111111111111111111111111111111111111111