
000000000000000000000000000000000
    0000000000000000000000000000000000222222222222222222222222222222

0000000000000222222
00000000000000000000000000000000
0000000000000000000000000000000000000000000000
0000000000000000000000000000000000000000000000
0000000000000000000000000000000000000000000000
0000000000000222222000000000000222222222222222 000000000000000000000000000000022222222222222222222222222222222222
22222222222221111112222220000021111111111111110000000000000000000000000000000011111111111111111111111111111111111
1111111111111111111111111000001111111111111111
1111111111111111111111111000001111111111111111
11111111111111111111111111
1111111111111111111
1111111111111111111
1111111111111111111